>>>>Digitized slab contours for Andes
>  171  6 km depth contour points
290.1700	-54.3000 6
288.9400	-53.9600 6
287.7400	-53.6700 6
286.3100	-53.2500 6
285.3900	-52.9200 6
284.4900	-52.5100 6
284.1800	-52.4600 6
284.1300	-52.2400 6
284.0500	-52.0500 6
283.9900	-51.6700 6
283.9400	-51.4300 6
283.8900	-51.1500 6
283.8300	-50.8700 6
283.7700	-50.5400 6
283.7000	-50.2100 6
283.6600	-49.8600 6
283.6300	-49.5600 6
283.6300	-49.3200 6
283.7100	-49.0100 6
283.7900	-48.7000 6
283.8300	-48.4200 6
283.8700	-48.0900 6
283.9900	-47.7200 6
284.0500	-47.4200 6
284.1600	-46.9700 6
284.2900	-46.6100 6
284.4300	-46.0800 6
284.4500	-45.7600 6
284.3900	-45.5400 6
284.2900	-45.2800 6
284.2200	-45.0400 6
284.1200	-44.7000 6
284.2500	-44.3600 6
284.3400	-43.9900 6
284.4100	-43.7600 6
284.5300	-43.3700 6
284.5600	-43.1500 6
284.6100	-42.8900 6
284.6500	-42.6400 6
284.8200	-41.6000 6
284.8500	-41.2700 6
284.9500	-40.7400 6
285.0000	-40.4400 6
284.9800	-39.9000 6
284.9800	-39.6700 6
285.0700	-39.2700 6
285.1900	-38.8600 6
285.3400	-38.3700 6
285.3600	-37.8900 6
285.4700	-37.4500 6
285.9400	-36.0700 6
286.2800	-35.4200 6
286.4900	-34.9900 6
287.0300	-33.7400 6
287.1800	-33.4200 6
287.3700	-32.9000 6
287.4500	-32.5500 6
287.4800	-32.1400 6
287.4800	-31.3600 6
287.5400	-30.9700 6
287.6800	-29.8300 6
287.7400	-29.5400 6
287.8300	-29.2000 6
287.8800	-28.7400 6
287.9700	-28.4400 6
288.0900	-28.0900 6
288.2100	-27.7600 6
288.3100	-27.4800 6
288.4200	-27.0600 6
288.4900	-26.6900 6
288.5100	-26.3200 6
288.5300	-26.0600 6
288.5900	-25.3800 6
288.6300	-24.8900 6
288.6900	-24.3700 6
288.7300	-24.0200 6
288.7800	-23.5400 6
288.7900	-23.1800 6
288.8500	-22.6800 6
288.8900	-22.1600 6
288.9200	-21.7800 6
288.8000	-21.0100 6
288.8100	-20.4300 6
288.6600	-20.0600 6
288.5700	-19.8100 6
288.4400	-19.5300 6
288.2600	-19.3100 6
288.0800	-19.0300 6
287.9800	-18.8600 6
287.7900	-18.6400 6
287.5400	-18.4400 6
287.2500	-18.0900 6
287.0600	-17.9000 6
286.7600	-17.6600 6
286.5500	-17.4400 6
286.1200	-17.0900 6
285.9000	-16.9500 6
285.5100	-16.7500 6
285.2900	-16.6500 6
285.0300	-16.4300 6
284.5000	-15.9800 6
284.2700	-15.7700 6
283.8200	-15.4000 6
283.4800	-15.0400 6
283.1900	-14.7700 6
282.7800	-14.2900 6
281.9900	-13.4300 6
281.8200	-13.1200 6
281.5900	-12.8200 6
281.3300	-12.4600 6
281.1500	-12.1100 6
280.8700	-11.7300 6
280.7000	-11.4600 6
280.5400	-11.1600 6
280.2500	-10.7000 6
280.0300	-10.3100 6
279.8200	-9.9200 6
279.6900	-9.6600 6
279.4900	-9.3000 6
279.2900	-8.9500 6
279.1200	-8.6400 6
278.8900	-8.1900 6
278.6700	-7.6500 6
278.5100	-7.2100 6
278.3700	-6.7300 6
278.2700	-6.4400 6
278.1700	-5.9900 6
278.1000	-5.5000 6
278.1900	-4.8500 6
278.1700	-4.6300 6
278.2100	-4.3200 6
278.2600	-3.9600 6
278.3100	-3.6600 6
278.3700	-3.0300 6
278.3900	-2.7800 6
278.4200	-2.5000 6
278.4400	-2.2400 6
278.4900	-1.9600 6
278.5400	-1.5800 6
278.5800	-1.3700 6
278.6000	-1.1300 6
278.7100	-0.7300 6
278.8100	-0.3900 6
278.9300	-0.1000 6
279.1100	0.3400 6
279.2400	0.7000 6
279.3900	1.0200 6
279.5700	1.4300 6
279.7900	1.7700 6
280.0000	2.1100 6
280.1400	2.3200 6
280.3900	2.6600 6
280.6700	3.0400 6
280.9400	3.3700 6
281.1700	3.5800 6
281.3800	3.8900 6
281.5400	4.0600 6
281.7400	4.2600 6
281.9200	4.5200 6
282.0900	4.8300 6
282.0700	5.1700 6
282.0800	5.3700 6
282.0800	5.5700 6
282.0300	5.8200 6
281.9600	6.0400 6
281.8000	6.3400 6
281.7000	6.4700 6
281.5900	6.7200 6
281.1800	7.0100 6
281.1200	7.0400 6
280.9400	7.0000 6
>  57  50 km depth contour points
286.7381	-42.5236 50
286.9615	-41.3214 50
287.2959	-40.1607 50
287.3216	-38.7143 50
287.5017	-37.3214 50
287.9486	-36.0536 50
288.3087	-35.0357 50
288.5747	-34.1071 50
288.8181	-33.0089 50
289.0241	-32.0804 50
289.0621	-30.8261 50
289.0964	-30.0357 50
289.1739	-29.3393 50
289.6325	-28.3333 50
289.8662	-27.3095 50
290.1824	-26.2738 50
290.2973	-25.0714 50
290.3160	-24.1607 50
290.2973	-23.0357 50
290.4284	-22.1250 50
290.3535	-21.0179 50
290.2786	-20.5893 50
290.1288	-20.0357 50
290.0102	-19.4342 50
289.8292	-18.6250 50
289.7356	-18.2679 50
289.3424	-17.8750 50
289.1177	-17.5714 50
288.2579	-17.1143 50
287.6336	-16.6579 50
287.3951	-16.3929 50
286.5000	-16.1333 50
285.7857	-15.5340 50
285.2044	-15.1786 50
284.3244	-13.8571 50
283.8432	-12.6190 50
283.2218	-11.9286 50
282.5764	-10.7619 50
282.0745	-10.5714 50
281.7638	-9.8333 50
281.1185	-9.0714 50
280.6883	-8.5000 50
280.3059	-7.9762 50
280.3059	-7.5714 50
279.9474	-6.1667 50
279.8996	-5.1905 50
279.9952	-4.4524 50
280.3776	-3.3333 50
280.2581	-2.4762 50
279.8279	-1.0000 50
280.2143	0.3095 50
280.6733	0.9643 50
281.8036	2.0894 50
282.8393	3.8037 50
283.0893	4.6072 50
283.5006	5.6429 50
283.2221	6.8571 50
>  58  100 km depth contour points
287.6518	-42.7562 100
287.8258	-41.5268 100
288.1875	-40.4854 100
288.5821	-39.0357 100
288.7139	-37.7321 100
288.9911	-36.3406 100
289.3798	-35.1339 100
289.7356	-34.2054 100
290.0676	-33.1429 100
290.6360	-32.3214 100
291.4085	-31.8478 100
291.6103	-31.1739 100
291.5599	-30.2391 100
291.5346	-29.2609 100
291.5851	-28.6087 100
291.5094	-27.9565 100
291.2409	-27.1667 100
291.3783	-26.2619 100
291.4328	-25.0312 100
291.6019	-23.9688 100
291.6350	-22.8903 100
291.6080	-22.1071 100
291.4769	-21.1250 100
291.3833	-20.3214 100
291.0275	-19.4821 100
290.8777	-19.0000 100
290.6871	-18.2368 100
290.2973	-17.6964 100
289.8229	-17.1974 100
289.4547	-16.8571 100
288.7432	-16.3750 100
288.3485	-16.0571 100
287.8445	-15.4286 100
287.4821	-14.9861 100
286.9107	-14.5581 100
286.1071	-14.0444 100
285.6357	-13.4524 100
285.6118	-11.7143 100
284.8709	-10.9762 100
284.2256	-10.0714 100
283.8193	-9.0952 100
283.6759	-8.0476 100
283.4653	-7.3571 100
283.2457	-6.7143 100
283.2852	-6.0000 100
283.5325	-5.3571 100
283.6153	-4.6429 100
283.4009	-3.6786 100
282.7931	-2.5357 100
281.4643	-1.9461 100
280.9751	-1.0000 100
281.2202	0.0714 100
281.4971	0.7500 100
282.3929	1.6966 100
283.4464	3.5358 100
283.9643	4.5001 100
284.1964	5.2857 100
285.5401	6.9286 100
>  54  150 km depth contour points
288.2220	-42.7857 150
288.3875	-41.6339 150
288.7946	-40.6222 150
289.1926	-39.2768 150
289.3839	-37.7632 150
289.9293	-36.6250 150
290.2927	-35.4464 150
290.6304	-34.3929 150
291.2522	-33.4554 150
292.5067	-32.7411 150
293.5365	-32.1667 150
294.0850	-31.1520 150
293.9489	-30.0238 150
293.8811	-28.9130 150
293.6190	-28.1548 150
293.5228	-27.5952 150
293.3008	-27.1522 150
292.6190	-26.2091 150
292.5476	-25.2798 150
292.6378	-24.1786 150
292.5490	-23.1250 150
292.4220	-22.0247 150
292.2460	-21.0289 150
291.9824	-20.1964 150
291.7016	-19.4464 150
291.5143	-18.7143 150
291.1912	-17.9605 150
290.8888	-17.3553 150
290.4033	-16.8571 150
289.7797	-16.3553 150
289.3908	-15.9342 150
288.8929	-15.2943 150
288.7857	-14.5410 150
287.1892	-10.6250 150
286.8307	-9.7619 150
286.4005	-8.6667 150
285.8508	-7.7143 150
285.6835	-7.0000 150
285.2892	-6.5714 150
285.1099	-5.7857 150
284.9665	-5.4048 150
284.8948	-4.7381 150
284.9062	-3.6786 150
283.8910	-2.0476 150
283.1864	-1.9286 150
282.2569	-1.4286 150
281.9311	-0.8095 150
282.0245	-0.0536 150
282.2239	0.5357 150
282.8750	1.4466 150
283.9643	3.3751 150
284.5536	4.1965 150
284.8308	4.8929 150
287.1330	6.8571 150
>  14  200 km depth contour points
293.4813	-24.1974 200
293.4054	-23.1964 200
293.2799	-22.0595 200
292.9240	-21.0064 200
292.6880	-19.9669 200
292.4692	-19.2679 200
292.2258	-18.5000 200
291.8236	-17.8857 200
291.3352	-17.0000 200
290.9170	-16.4571 200
290.3990	-16.0658 200
290.0534	-15.5395 200
289.4444	-14.6000 200
289.3611	-13.9821 200
>  7  250 km depth contour points
294.1075	-24.2619 250
294.1337	-23.0476 250
294.0024	-21.9881 250
293.8482	-21.0571 250
293.5032	-19.7500 250
293.2077	-19.1447 250
292.8476	-18.2632 250
>  2  300 km depth contour points
294.6440	-21.9994 300
294.3570	-21.0357 300
>>>>Digitized slab contours for Central America
>  55  6 km depth contour points
264.0300	15.1500 6
264.4700	15.0300 6
264.7000	14.9300 6
265.1300	14.6800 6
265.3400	14.5400 6
265.7100	14.3000 6
265.9000	14.1500 6
266.2600	13.9500 6
266.5100	13.8200 6
266.8600	13.6100 6
267.0600	13.5000 6
267.4100	13.3100 6
267.6100	13.2000 6
267.9200	13.0600 6
268.1520	12.9533 6
268.7310	12.6888 6
269.1560	12.4880 6
269.4640	12.3956 6
269.9710	12.1580 6
270.2790	12.0476 6
270.6680	11.8378 6
270.9760	11.7451 6
271.3110	11.6073 6
271.5650	11.4972 6
271.9080	11.3053 6
272.0710	11.1960 6
272.4860	10.9314 6
272.7480	10.7760 6
272.9730	10.5759 6
273.2980	10.2846 6
273.4950	10.0665 6
273.7470	9.8206 6
273.9270	9.6474 6
274.3980	9.3990 6
274.7050	9.2243 6
274.8490	9.1234 6
275.1570	8.9757 6
275.4560	8.8371 6
275.5640	8.7727 6
275.6630	8.6812 6
275.8430	8.4532 6
276.0140	8.3066 6
276.2580	8.1592 6
277.0370	7.8884 6
277.3090	7.8312 6
277.7450	7.7180 6
277.9530	7.6886 6
278.4340	7.5749 6
278.6880	7.4997 6
278.8510	7.4526 6
279.3500	7.3568 6
279.6140	7.3178 6
280.1400	7.2125 6
280.3130	7.1926 6
281.5650	7.1578 6
>  18  50 km depth contour points
264.8214	16.4225 50
265.1667	16.0411 50
266.1905	15.3947 50
267.0476	14.8861 50
268.0363	14.5357 50
268.8776	14.0357 50
269.7556	13.6250 50
270.3393	13.3809 50
271.0451	13.2589 50
272.0602	12.7679 50
272.6488	12.3465 50
273.3131	11.8482 50
273.9702	11.2831 50
274.4485	10.8333 50
274.8038	10.4286 50
275.3008	10.0655 50
275.7299	9.8214 50
276.0140	9.5774 50
>  21  100 km depth contour points
265.2500	17.0850 100
265.7857	16.7703 100
266.8952	15.9089 100
267.6250	15.3103 100
268.3655	14.9643 100
269.0880	14.5357 100
270.0117	14.0179 100
270.4821	13.7529 100
271.2000	13.4728 100
272.1974	13.0268 100
272.8631	12.6197 100
273.6241	12.0714 100
274.0952	11.5504 100
274.5660	11.0714 100
275.0046	10.6250 100
275.3370	10.3750 100
275.4700	10.2976 100
275.5969	10.2143 100
275.7178	10.3810 100
275.9475	10.1667 100
276.2376	9.8810 100
>  7  125 km depth contour points
275.4750	10.3553 125
275.5900	10.2698 125
275.7320	10.4476 125
275.7940	10.4049 125
275.9190	10.3278 125
276.0160	10.2424 125
276.2100	10.0716 125
>  17  150 km depth contour points
265.6000	17.6755 150
266.3429	17.1176 150
267.0095	16.2994 150
267.8274	15.6706 150
268.5484	15.1161 150
269.2252	14.6518 150
270.0208	14.3125 150
271.3743	13.6875 150
272.2431	13.2500 150
272.9881	12.7824 150
273.7321	12.2536 150
274.2619	11.6841 150
274.7489	11.1786 150
275.1131	10.7426 150
275.6392	10.4048 150
275.7843	10.5179 150
275.8452	10.4869 150
>  13  200 km depth contour points
266.4358	17.2768 200
267.2040	16.5446 200
268.0190	15.8903 200
268.5667	15.4375 200
269.3532	14.8214 200
270.0381	14.4770 200
271.4286	13.8633 200
272.3163	13.3929 200
273.1012	12.9393 200
273.7755	12.3357 200
274.3503	11.7786 200
274.9048	11.2191 200
275.2017	10.8071 200
>>>>Digitized slab contours for Alaska-Aleutians
>  384  6 km contour depth contour points
165.3290        54.7320 6
165.4430        54.6750 6
165.5570        54.6190 6
165.6720        54.5630 6
165.7870        54.5060 6
165.9010        54.4500 6
166.0160        54.3940 6
166.1320        54.3390 6
166.2470        54.2830 6
166.3620        54.2270 6
166.4780        54.1720 6
166.5940        54.1160 6
166.7100        54.0610 6
166.8260        54.0060 6
166.9390        53.9550 6
167.0530        53.9050 6
167.1670        53.8540 6
167.2800        53.8040 6
167.3940        53.7540 6
167.5080        53.7030 6
167.6220        53.6530 6
167.7360        53.6030 6
167.8500        53.5530 6
167.9640        53.5030 6
168.0780        53.4520 6
168.1920        53.4020 6
168.3060        53.3520 6
168.4200        53.2990 6
168.5340        53.2470 6
168.6480        53.1940 6
168.7620        53.1420 6
168.8770        53.0890 6
168.9910        53.0370 6
169.1050        52.9840 6
169.2190        52.9320 6
169.3330        52.8790 6
169.4480        52.8270 6
169.5620        52.7750 6
169.6770        52.7230 6
169.7920        52.6710 6
169.9070        52.6190 6
170.0230        52.5700 6
170.1390        52.5220 6
170.2550        52.4740 6
170.3710        52.4250 6
170.4880        52.3770 6
170.6050        52.3300 6
170.7220        52.2820 6
170.8390        52.2350 6
170.9570        52.1880 6
171.0750        52.1410 6
171.1930        52.0940 6
171.3120        52.0480 6
171.4300        52.0020 6
171.5500        51.9560 6
171.6690        51.9110 6
171.7990        51.8690 6
171.9300        51.8270 6
172.0610        51.7860 6
172.1930        51.7450 6
172.3240        51.7050 6
172.4560        51.6640 6
172.5890        51.6250 6
172.7210        51.5850 6
172.8540        51.5460 6
172.9870        51.5070 6
173.1200        51.4680 6
173.2540        51.4300 6
173.3840        51.3980 6
173.5140        51.3660 6
173.6440        51.3340 6
173.7740        51.3030 6
173.9040        51.2710 6
174.0350        51.2400 6
174.1650        51.2100 6
174.2960        51.1790 6
174.4270        51.1490 6
174.5580        51.1190 6
174.6900        51.0890 6
174.8210        51.0590 6
174.9520        51.0290 6
175.0840        51.0000 6
175.2180        50.9720 6
175.3520        50.9450 6
170.0230        52.5700 6
170.1390        52.5220 6
170.2550        52.4740 6
170.3710        52.4250 6
170.4880        52.3770 6
170.6050        52.3300 6
170.7220        52.2820 6
170.8390        52.2350 6
170.9570        52.1880 6
171.0750        52.1410 6
171.1930        52.0940 6
171.3120        52.0480 6
171.4300        52.0020 6
171.5500        51.9560 6
171.6690        51.9110 6
171.7990        51.8690 6
171.9300        51.8270 6
172.0610        51.7860 6
172.1930        51.7450 6
172.3240        51.7050 6
172.4560        51.6640 6
172.5890        51.6250 6
172.7210        51.5850 6
172.8540        51.5460 6
172.9870        51.5070 6
173.1200        51.4680 6
173.2540        51.4300 6
173.3840        51.3980 6
173.5140        51.3660 6
173.6440        51.3340 6
173.7740        51.3030 6
173.9040        51.2710 6
174.0350        51.2400 6
174.1650        51.2100 6
174.2960        51.1790 6
174.4270        51.1490 6
174.5580        51.1190 6
174.6900        51.0890 6
174.8210        51.0590 6
174.9520        51.0290 6
175.0840        51.0000 6
175.2180        50.9720 6
175.3520        50.9450 6
181.5380        50.2660 6
181.6770        50.2720 6
181.8170        50.2780 6
181.9560        50.2850 6
182.0960        50.2920 6
182.2350        50.2990 6
182.3740        50.3070 6
182.5140        50.3140 6
182.6530        50.3220 6
182.7930        50.3310 6
182.9330        50.3400 6
183.0730        50.3490 6
183.2130        50.3580 6
183.3530        50.3680 6
183.4930        50.3770 6
183.6330        50.3870 6
183.7730        50.3970 6
183.9130        50.4070 6
184.0530        50.4170 6
184.1930        50.4280 6
184.3320        50.4380 6
184.4720        50.4490 6
184.6110        50.4630 6
184.7510        50.4770 6
184.8900        50.4920 6
185.0290        50.5060 6
185.1680        50.5210 6
185.3070        50.5360 6
185.4460        50.5510 6
185.5850        50.5660 6
185.7240        50.5820 6
185.8630        50.5970 6
186.0020        50.6130 6
186.1410        50.6280 6
186.2800        50.6440 6
186.4180        50.6600 6
186.5570        50.6760 6
186.6960        50.6920 6
186.8380        50.7090 6
186.9790        50.7260 6
187.1210        50.7430 6
187.2620        50.7600 6
187.4030        50.7770 6
187.5450        50.7940 6
187.6860        50.8120 6
187.8270        50.8290 6
187.9680        50.8470 6
188.1100        50.8650 6
188.2510        50.8830 6
188.3920        50.9020 6
188.5320        50.9200 6
188.6730        50.9390 6
188.8140        50.9580 6
188.9540        50.9810 6
189.0930        51.0050 6
189.2330        51.0290 6
189.3720        51.0530 6
189.5110        51.0770 6
189.6500        51.1020 6
189.7890        51.1260 6
189.9280        51.1520 6
190.0660        51.1770 6
190.2050        51.2030 6
190.3430        51.2290 6
190.4810        51.2560 6
190.6190        51.2820 6
190.7560        51.3100 6
190.8940        51.3370 6
191.0270        51.3710 6
191.1600        51.4050 6
191.2930        51.4400 6
191.4260        51.4750 6
191.5590        51.5100 6
191.6910        51.5450 6
191.8230        51.5810 6
191.9550        51.6170 6
192.0870        51.6530 6
192.2190        51.6890 6
192.3500        51.7250 6
192.2381        51.8617 6
192.6130        51.7980 6
192.7450        51.8340 6
192.8760        51.8710 6
193.0060        51.9080 6
193.1350        51.9450 6
193.2650        51.9820 6
193.3940        52.0180 6
193.5240        52.0550 6
193.6530        52.0920 6
193.7830        52.1280 6
193.9130        52.1650 6
194.0430        52.2010 6
194.1730        52.2370 6
194.3030        52.2730 6
194.4340        52.3090 6
194.5640        52.3450 6
194.6950        52.3800 6
194.8350        52.4100 6
194.9760        52.4400 6
195.1170        52.4690 6
195.2570        52.4980 6
195.3980        52.5270 6
195.5390        52.5560 6
195.6810        52.5850 6
195.8220        52.6130 6
195.9630        52.6420 6
196.1040        52.6700 6
196.2460        52.6980 6
196.3870        52.7260 6
196.5280        52.7550 6
196.6700        52.7830 6
196.8110        52.8120 6
196.9520        52.8400 6
197.0890        52.8720 6
197.2250        52.9040 6
197.3620        52.9360 6
197.4990        52.9680 6
197.6350        53.0000 6
197.7720        53.0320 6
197.9080        53.0650 6
198.0450        53.0970 6
198.1810        53.1300 6
198.3180        53.1620 6
198.4540        53.1940 6
198.5900        53.2270 6
198.7270        53.2590 6
198.8630        53.2920 6
199.0000        53.3240 6
199.1360        53.3560 6
199.2720        53.3890 6
199.4090        53.4210 6
199.5440        53.4500 6
199.6790        53.4800 6
199.8140        53.5090 6
199.9490        53.5380 6
200.0850        53.5670 6
200.2200        53.5970 6
200.3550        53.6260 6
200.4900        53.6550 6
200.6250        53.6840 6
200.7610        53.7140 6
200.8960        53.7430 6
201.0310        53.7720 6
201.1660        53.8010 6
201.3010        53.8310 6
201.4360        53.8600 6
201.5710        53.8900 6
201.7050        53.9210 6
201.8390        53.9530 6
201.9720        53.9840 6
202.1060        54.0160 6
202.2390        54.0470 6
202.3730        54.0790 6
202.5060        54.1110 6
202.6400        54.1430 6
202.7730        54.1760 6
202.9060        54.2080 6
203.0390        54.2410 6
203.1710        54.2740 6
203.3040        54.3070 6
203.4370        54.3400 6
203.5690        54.3730 6
203.7010        54.4070 6
203.8330        54.4410 6
203.9650        54.4750 6
204.0970        54.5090 6
204.2250        54.5480 6
204.3520        54.5870 6
204.4790        54.6260 6
204.6060        54.6660 6
204.7330        54.7060 6
204.8600        54.7460 6
204.9860        54.7860 6
205.1120        54.8270 6
205.2380        54.8680 6
205.3630        54.9090 6
205.4880        54.9510 6
205.6130        54.9930 6
205.7380        55.0350 6
205.8620        55.0770 6
205.9870        55.1200 6
206.1100        55.1630 6
206.2340        55.2060 6
206.3570        55.2500 6
206.4800        55.2940 6
206.6000        55.3460 6
206.7190        55.3980 6
206.8390        55.4500 6
206.9580        55.5020 6
207.0770        55.5550 6
207.1970        55.6070 6
207.3170        55.6590 6
207.4370        55.7100 6
207.5620        55.7560 6
207.6870        55.8020 6
207.8120        55.8470 6
207.9380        55.8910 6
208.0650        55.9350 6
208.1920        55.9780 6
208.3200        56.0210 6
208.4480        56.0630 6
208.5770        56.1050 6
208.6980        56.1360 6
208.8200        56.1670 6
208.9420        56.1970 6
209.0640        56.2280 6
209.1860        56.2580 6
209.3080        56.2880 6
209.4300        56.3190 6
209.5590        56.3580 6
209.6880        56.3970 6
209.8170        56.4370 6
209.9450        56.4780 6
210.0720        56.5190 6
210.1990        56.5600 6
210.3260        56.6020 6
210.4520        56.6440 6
210.5780        56.6870 6
210.7030        56.7310 6
210.8160        56.7810 6
210.9290        56.8310 6
211.0420        56.8820 6
211.1530        56.9340 6
211.2650        56.9850 6
211.3750        57.0370 6
211.4860        57.0900 6
211.5960        57.1420 6
211.7050        57.1950 6
211.8140        57.2480 6
211.9230        57.3020 6
212.0320        57.3550 6
212.1410        57.4090 6
212.2490        57.4630 6
212.3580        57.5180 6
212.4670        57.5740 6
212.5760        57.6290 6
212.6850        57.6850 6
212.7940        57.7410 6
212.9020        57.7970 6
213.0100        57.8530 6
213.1180        57.9100 6
213.2250        57.9660 6
213.3320        58.0230 6
213.4390        58.0800 6
213.5460        58.1370 6
213.6500        58.1980 6
213.7540        58.2590 6
213.8570        58.3210 6
213.9600        58.3820 6
214.0620        58.4440 6
214.1650        58.5060 6
214.2670        58.5690 6
214.3680        58.6310 6
214.4690        58.6940 6
214.5700        58.7570 6
214.6710        58.8200 6
214.7710        58.8830 6
>  29  50 km contour depth contour points
211.6190        62.9915 50
210.3571        62.2976 50
209.5952        61.5587 50
209.2976        60.9762 50
208.9048        60.3333 50
207.9286        59.4643 50
206.6548        58.3690 50
205.2844        57.6607 50
203.3095        56.6905 50
201.5000        56.1310 50
199.5238        55.3670 50
197.0000        54.6378 50
194.4524        53.9086 50
192.4048        53.3585 50
191.4375        52.9555 50
190.1905        52.6528 50
188.9571        52.4585 50
187.8095        52.2072 50
186.2292        52.0936 50
185.2857        51.9904 50
183.4583        51.8921 50
182.1905        51.7594 50
180.1667        51.6826 50
178.4050        51.7466 50
176.5480        51.9582 50
175.0300        52.2739 50
173.2440        52.8287 50
168.6310        54.1296 50
166.1130        55.0665 50
>  25  100 km contour depth contour points
210.2696        63.4643 100
208.9524        62.8508 100
208.1426        62.2143 100
207.6905        61.3668 100
207.5238        60.7976 100
206.5357        59.8333 100
205.2976        58.7933 100
204.2381        58.1786 100
202.5000        57.1548 100
200.9792        56.5151 100
199.0476        55.7391 100
196.9524        55.0563 100
194.1667        54.4075 100
192.2381        53.7043 100
191.1042        53.4593 100
190.0714        53.1922 100
188.5476        52.8724 100
187.4762        52.6037 100
186.2857        52.4374 100
184.8750        52.3511 100
183.2619        52.2072 100
182.0238        52.0536 100
180.4048        51.9001 100
178.9524        51.9769 100
176.5923        52.2739 100
>  21  150 km contour depth contour points
206.8214        60.9702 150
206.0238        60.1071 150
204.8333        59.2007 150
203.7857        58.4643 150
202.2381        57.5034 150
200.6667        56.8957 150
198.7857        56.1473 150
196.6905        55.4182 150
193.7857        54.7273 150
192.0952        54.1277 150
190.8958        53.7727 150
189.7381        53.4353 150
188.7500        53.1665 150
187.4524        52.9619 150
186.1429        52.7445 150
184.8810        52.6037 150
183.6667        52.5142 150
181.9524        52.2839 150
180.1190        52.1304 150
178.9520        51.9769 150
176.5920        52.2739 150
>  20  200 km contour depth contour points
205.6071        60.2024 200
204.6905        59.2944 200
203.6548        58.6548 200
201.7857        57.7976 200
200.2708        57.0748 200
198.4762        56.4083 200
196.6190        55.7636 200
193.3095        55.0088 200
191.8571        54.4281 200
190.6190        53.9726 200
189.6805        53.6095 200
188.6786        53.3984 200
187.5357        53.1810 200
186.1429        52.9491 200
185.0238        52.7956 200
183.3095        52.6677 200
181.7857        52.4886 200
180.2381        52.3607 200
178.6430        52.5526 200
176.7620        52.8980 200
>  7  250 km contour depth contour points
189.4048        53.8409 250
188.4286        53.7039 250
187.4167        53.4056 250
186.0952        53.1447 250
184.8333        53.0003 250
183.2619        52.8724 250
181.7143        52.6165 250
>>>>Digitized slab contours for Kamchatka-Marianas
>  78  6 km depth contour points
138.7120	10.4048 6
139.0033	10.6071 6
139.7381	10.7024 6
140.8530	10.7381 6
141.8918	10.9286 6
142.9560	11.2262 6
144.0582	11.6786 6
145.0337	12.1548 6
146.0725	12.8333 6
146.8960	13.8452 6
147.3647	14.7381 6
147.7448	15.7381 6
148.0362	16.6548 6
147.9982	17.7024 6
147.8715	18.5952 6
147.4154	19.8214 6
146.8706	20.8333 6
146.2372	21.7381 6
145.4391	22.6310 6
144.4889	23.3571 6
143.7541	24.1667 6
143.3487	24.9405 6
143.3162	25.8906 6
143.2572	26.6562 6
143.2965	27.3125 6
143.1334	27.9048 6
142.9223	28.8594 6
142.6860	29.5781 6
142.3709	30.2969 6
142.2133	31.4219 6
142.1345	32.1562 6
142.1345	32.7344 6
141.9967	33.3594 6
141.8588	33.9219 6
141.9376	34.2812 6
142.0164	34.6406 6
142.2527	35.2031 6
142.5284	35.7188 6
143.0011	36.3438 6
143.4344	37.0469 6
143.6707	37.5312 6
143.8677	37.9531 6
143.9859	38.2500 6
144.1434	38.4375 6
144.2616	38.9062 6
144.3207	39.4062 6
144.4192	39.8438 6
144.4192	40.3281 6
144.6161	40.6250 6
145.3504	41.3214 6
146.7257	41.9821 6
147.5309	42.4844 6
148.8899	43.1406 6
149.5792	43.6250 6
150.1832	43.9375 6
150.8134	44.2083 6
151.5224	44.6667 6
152.2577	44.9583 6
152.8880	45.3542 6
153.5182	45.7083 6
154.2009	46.2500 6
154.9625	46.8542 6
155.6715	47.4583 6
156.4593	47.9583 6
157.1158	48.4583 6
157.8511	48.8750 6
158.3237	49.1875 6
158.8752	49.5417 6
159.6105	49.9792 6
160.3498	50.5854 6
160.7052	51.0894 6
160.9337	51.5935 6
161.2891	51.9837 6
161.9238	52.3902 6
162.5332	52.6992 6
163.3353	53.7143 6
163.6888	55.0000 6
163.5350	55.2950 6
>  53  50 km depth contour points
161.5088	55.6875 50
160.8507	54.4143 50
159.8161	53.4375 50
158.6716	52.3750 50
157.9800	51.6719 50
156.7211	50.6875 50
155.2523	49.5938 50
154.3989	48.6875 50
153.3116	47.7188 50
152.4102	46.8281 50
150.9987	46.0156 50
149.6493	45.4062 50
147.9086	44.5781 50
146.6355	43.8750 50
145.1858	43.1562 50
143.7857	42.5788 50
142.4391	42.2500 50
141.9464	41.6212 50
142.1786	40.8141 50
141.9286	39.5693 50
141.6071	38.4476 50
141.1586	37.5781 50
140.1250	36.5051 50
139.5921	35.5312 50
140.1964	34.6755 50
140.4286	33.6948 50
140.5507	32.4844 50
140.7415	31.4531 50
140.8584	30.7500 50
141.0227	30.1250 50
141.3149	29.0982 50
141.4762	28.4161 50
141.6426	27.3203 50
141.7189	26.5312 50
141.7945	25.1518 50
142.0622	24.3594 50
142.4327	23.5714 50
142.9643	22.9593 50
143.7857	22.2335 50
144.5087	21.8242 50
145.0828	21.3750 50
145.5101	20.6797 50
145.9880	19.8036 50
146.1359	19.2024 50
146.4161	18.4453 50
146.5783	17.2695 50
146.6641	16.3984 50
146.4948	15.3869 50
146.4161	14.7656 50
146.0133	14.0298 50
145.1954	13.4531 50
144.2607	12.8984 50
143.4596	12.3906 50
>  54  100 km depth contour points
143.2854	12.7619 100
144.0604	13.0625 100
144.7629	13.7321 100
145.3098	14.4297 100
145.6148	14.9196 100
145.7178	15.5000 100
145.8952	16.4762 100
145.9965	17.2227 100
145.8571	18.4524 100
145.6544	19.1190 100
145.5573	19.7083 100
145.1714	20.4643 100
144.7056	21.1429 100
144.1817	21.5714 100
143.5595	22.1252 100
142.7857	22.8402 100
142.0833	23.4252 100
141.5953	24.2411 100
141.3423	25.2344 100
141.2308	25.8304 100
141.2660	26.3750 100
141.2077	27.3810 100
141.0395	28.1250 100
140.7579	29.0000 100
140.5609	29.9107 100
140.3639	30.7321 100
140.1883	31.3281 100
140.0486	32.4286 100
139.7857	33.5943 100
139.4776	34.6562 100
139.1915	35.6875 100
139.1915	36.5156 100
140.2049	37.6250 100
140.6055	38.5781 100
140.9488	39.9062 100
140.9107	41.1094 100
141.3461	41.9488 100
141.8835	42.5781 100
143.2568	43.1719 100
145.2382	43.6406 100
146.4208	44.3281 100
147.3985	44.8125 100
149.0149	45.6562 100
150.9415	46.6250 100
151.9382	47.3438 100
153.2857	48.2507 100
153.9171	48.9688 100
154.7182	49.9844 100
156.2061	51.0469 100
157.3696	51.9375 100
158.0993	52.6875 100
159.2414	53.7286 100
159.8684	54.4688 100
160.7077	55.3750 100
>  54  150 km depth contour points
160.2117	55.5938 150
159.2961	54.6875 150
158.5141	53.8281 150
157.6557	53.0156 150
156.7592	52.1562 150
155.7101	51.2188 150
154.3749	50.2812 150
153.4402	49.2500 150
152.7619	48.5491 150
151.3802	47.5625 150
150.2572	46.8438 150
148.8076	46.0625 150
147.0336	45.2031 150
145.7962	44.7812 150
144.4610	43.9062 150
142.7609	43.4688 150
140.8701	43.0312 150
140.3357	42.2939 150
140.0499	41.5000 150
139.9569	39.9688 150
139.8234	38.6406 150
139.1940	37.6094 150
138.5048	36.6406 150
138.6193	35.7188 150
138.8863	34.7344 150
139.3250	33.5938 150
139.5588	32.3906 150
139.7305	31.1719 150
139.9107	30.5357 150
140.1643	29.9531 150
140.4557	29.0000 150
140.7577	28.1429 150
140.9078	27.2202 150
141.0092	26.4226 150
140.9389	25.8036 150
141.0943	25.4062 150
141.4281	24.1641 150
141.9106	23.3750 150
142.5833	22.6993 150
143.3489	22.0357 150
143.9937	21.4336 150
144.4896	20.9258 150
144.8732	20.3631 150
145.2812	19.7109 150
145.4815	18.9492 150
145.6341	18.3164 150
145.7431	17.2143 150
145.7133	16.4821 150
145.4965	15.6161 150
145.3389	15.0089 150
145.1477	14.6071 150
144.5945	14.0234 150
143.8506	13.2383 150
143.0700	12.9405 150
>  52  200 km depth contour points
143.7076	13.3789 200
144.4382	14.1607 200
144.9379	14.6836 200
145.1382	15.1250 200
145.3575	15.6602 200
145.5864	16.5039 200
145.6055	17.2891 200
145.4768	18.2768 200
145.3586	18.8929 200
145.0523	19.7188 200
144.7042	20.3047 200
144.2893	20.8438 200
143.8315	21.2773 200
143.1670	21.8571 200
142.3810	22.6235 200
141.6427	23.3711 200
141.3137	24.2031 200
140.8656	25.2976 200
140.7879	25.8304 200
140.8825	26.4107 200
140.7178	27.2440 200
140.5077	28.1719 200
140.1477	28.8988 200
139.7712	29.8214 200
139.3585	31.1339 200
139.1773	32.3906 200
138.8482	33.5938 200
138.2187	34.6094 200
137.9135	35.7656 200
137.7824	36.8125 200
138.6026	37.9688 200
139.0795	38.6406 200
139.0986	39.9375 200
139.0032	41.6719 200
138.8888	42.4688 200
139.9212	43.5469 200
141.9432	44.2188 200
144.0795	44.6562 200
145.3766	45.0938 200
146.7094	45.5625 200
148.5381	46.4531 200
150.0665	47.0625 200
151.0559	47.8438 200
152.0476	48.6390 200
152.7775	49.5156 200
153.9934	50.4688 200
155.3477	51.3594 200
156.6110	52.4958 200
157.4833	53.3351 200
158.0993	54.2500 200
158.9893	54.9000 200
159.9065	55.9062 200
>  45  250 km depth contour points
158.4762	54.9472 250
157.7129	54.3750 250
157.0072	53.4219 250
156.0916	52.5469 250
155.1786	51.6422 250
153.5356	50.5469 250
152.5056	49.7656 250
151.5137	48.9688 250
149.8733	47.5000 250
148.0803	46.7656 250
146.5352	46.0312 250
144.7613	45.3906 250
143.1590	45.0938 250
141.3279	44.8438 250
138.7528	44.4844 250
137.8754	43.2344 250
137.7991	42.0625 250
138.0138	40.0000 250
138.0661	38.9531 250
137.6083	37.8750 250
137.0361	37.1250 250
137.1696	35.7344 250
137.6846	34.8750 250
138.1233	34.1406 250
138.3713	33.5469 250
138.6956	32.4688 250
139.1534	31.2656 250
139.5498	29.8571 250
139.9163	29.1406 250
140.2978	28.2109 250
140.5404	27.3274 250
140.8065	26.3750 250
140.7747	25.2344 250
141.1276	24.2422 250
141.5281	23.2812 250
142.1367	22.4702 250
142.9923	21.7305 250
143.7457	21.1680 250
144.5373	20.2148 250
144.9474	19.6289 250
145.2144	18.8711 250
145.3289	18.2773 250
145.5196	17.2852 250
145.4720	16.5430 250
145.2659	15.6488 250
>  23  300 km depth contour points
145.4338	16.5703 300
145.4720	17.2812 300
145.2240	18.2539 300
145.1095	18.8555 300
144.8520	19.6016 300
144.4229	20.1719 300
143.6401	21.0952 300
142.8873	21.6719 300
141.9593	22.5536 300
141.4615	23.2461 300
141.0848	24.2188 300
140.7558	25.1488 300
140.6556	26.3984 300
140.3631	27.3274 300
140.0590	28.0774 300
139.5921	29.3594 300
139.4091	30.0536 300
138.8482	31.4688 300
138.3738	32.3810 300
137.9947	33.3281 300
137.4939	34.1562 300
137.0000	34.9527 300
136.4257	35.7344 300
>  14  300 km depth contour points
142.3750	45.9607 300
144.3333	46.2229 300
146.0833	46.6687 300
147.9762	47.1784 300
149.1429	47.7999 300
150.0893	48.4452 300
150.7316	49.1250 300
152.0669	50.1562 300
153.1429	50.8566 300
154.6131	51.9237 300
155.5243	52.6719 300
156.6781	53.6429 300
157.2170	54.3594 300
157.9286	55.1120 300
>  22  400 km depth contour points
145.2144	18.3320 400
145.0332	18.8125 400
144.6327	19.5352 400
144.2226	20.1016 400
143.5238	20.8036 400
142.7214	21.5701 400
141.9478	22.4141 400
141.4615	23.2461 400
141.0657	24.2070 400
140.6101	25.1548 400
140.5278	26.3036 400
140.2237	27.2679 400
139.8128	28.0536 400
139.2985	29.0781 400
138.8912	29.7500 400
138.2156	30.8036 400
137.4728	31.7857 400
137.1127	32.3036 400
136.6625	32.9821 400
136.0323	33.5893 400
135.6496	34.2679 400
134.9068	35.0893 400
>  12  400 km depth contour points
145.4167	47.2598 400
147.4583	47.8222 400
148.5067	48.4062 400
149.7619	49.3299 400
151.1455	50.4107 400
151.7857	50.9384 400
152.2917	51.4612 400
153.8899	52.6190 400
154.6190	53.2540 400
155.7205	54.2571 400
156.2676	54.8286 400
156.9634	55.4615 400
>  14  500 km depth contour points
145.2357	18.3953 500
144.9188	18.8281 500
144.5278	19.4531 500
144.0429	20.1136 500
143.4429	20.5969 500
142.5857	21.3620 500
141.9002	22.3711 500
141.4725	23.2589 500
141.1039	24.2148 500
140.5564	25.3929 500
140.3377	26.2679 500
139.8259	27.2031 500
139.4825	27.9219 500
138.7386	28.9531 500
>  10  500 km depth contour points
146.5833	48.7060 500
147.6667	49.0274 500
149.1667	49.9380 500
150.1667	50.8219 500
150.9583	51.4915 500
151.5833	51.9735 500
152.7917	52.9913 500
153.9044	53.7714 500
154.7216	54.4857 500
155.3573	55.2857 500
>  8  600 km depth contour points
146.9167	49.5095 600
148.5417	50.3934 600
149.7500	51.1433 600
150.5000	51.8128 600
151.0608	52.4062 600
152.5000	53.3930 600
153.5412	54.0857 600
154.4038	54.8286 600
>>>>Digitized slab contours for Kyushu-Ryukyu
>  20  6 km depth contour points
135.2000	32.5000 6
134.6000	32.3000 6
133.5000	31.6000 6
132.6000	30.9000 6
132.0000	30.4000 6
131.5000	29.8000 6
131.3000	29.5000 6
130.9000	28.6000 6
130.5000	27.7000 6
130.2000	27.3000 6
129.8000	26.7000 6
129.0000	25.8000 6
128.0000	25.0000 6
127.2000	24.3000 6
126.4000	23.7000 6
125.3000	23.2000 6
124.3000	23.0000 6
123.1000	22.9000 6
122.5680	23.0260 6
122.0880	23.1240 6
>  15  50 km depth contour points
131.9382	33.5714 50
131.6362	32.6339 50
131.2232	31.8297 50
130.9819	31.0625 50
130.3679	29.9464 50
129.8042	29.1786 50
129.0090	28.2500 50
128.5359	27.6875 50
127.9420	27.0000 50
127.1871	26.4286 50
126.3617	25.7143 50
125.1940	24.9286 50
124.0666	24.4464 50
122.9694	24.4018 50
122.0132	24.6964 50
>  15  100 km depth contour points
131.6563	33.9554 100
131.3543	32.8839 100
130.9018	31.9998 100
130.6900	31.3125 100
129.9954	30.2411 100
129.3571	29.3167 100
128.6250	28.5512 100
128.1964	28.0201 100
127.3036	27.2756 100
126.7220	26.7619 100
125.7577	26.0536 100
124.9222	25.5446 100
123.9861	24.9821 100
123.0242	24.7976 100
122.0232	24.9196 100
>  15  150 km depth contour points
131.4018	33.9097 150
131.0893	32.8891 150
130.7589	32.2550 150
130.3750	31.4354 150
129.6633	30.4464 150
129.0996	29.6429 150
128.4755	28.9464 150
127.8214	28.2960 150
127.2475	27.7679 150
126.3818	27.0714 150
125.6605	26.5238 150
124.8719	26.0357 150
123.9358	25.4464 150
122.9830	25.2024 150
122.2145	25.1339 150
>  13  200 km depth contour points
122.2145	25.3571 200
123.0802	25.4286 200
123.8150	25.8661 200
124.5901	26.3393 200
125.3953	26.8214 200
126.1603	27.3929 200
126.8650	27.8750 200
127.6429	28.5435 200
128.1937	29.0714 200
128.8781	29.8214 200
129.5022	30.6250 200
130.1464	31.5536 200
130.4887	32.3750 200
>>>>Digitized slab contours for Northern Philippines
>  14  6 km depth contour points
120.0000	19.3000 6
119.8000	19.0000 6
119.3000	18.5000 6
119.1000	18.0000 6
118.9500	17.5000 6
118.9000	17.0000 6
118.9000	16.5000 6
118.9000	16.0000 6
119.0000	15.5000 6
119.0000	15.0000 6
119.1000	14.5000 6
119.3000	14.0000 6
119.4500	13.5000 6
119.5000	13.0000 6
>  13  50 km depth contour points
121.3287	22.6429 50
121.4089	21.8571 50
121.4456	21.1518 50
121.6553	19.9643 50
121.3427	19.0000 50
121.0244	18.4821 50
120.4968	17.8333 50
120.2873	17.1429 50
119.9853	16.0952 50
120.0414	15.3750 50
120.0901	14.6071 50
120.2750	13.9643 50
120.8605	13.1161 50
>  13  100 km depth contour points
121.5383	22.6071 100
121.5533	22.0536 100
121.7231	21.2857 100
122.0189	20.0000 100
121.7639	18.9196 100
121.4273	18.4762 100
121.0268	17.7381 100
120.6358	16.9821 100
120.4533	16.1429 100
120.3597	15.4464 100
120.5095	14.6429 100
120.5329	14.1116 100
121.0712	13.3661 100
>  13  150 km depth contour points
121.7601	22.5833 150
121.7780	22.0714 150
122.0436	21.2500 150
122.4133	19.9524 150
122.0559	18.9405 150
121.6667	18.3125 150
121.3427	17.4821 150
121.0478	16.8750 150
120.7341	16.1071 150
120.6817	15.4048 150
120.7529	14.7857 150
120.7002	14.2679 150
121.1929	13.4598 150
>  10  200 km depth contour points
122.7214	19.9167 200
122.3648	18.9750 200
122.0094	18.2375 200
121.6921	17.5125 200
121.2859	16.8500 200
120.9559	16.2500 200
120.9836	15.4643 200
120.9467	14.9405 200
120.8231	14.2500 200
121.2210	13.5179 200
>>>>Digitized slab contours for Southern Philippines
>  103  6 km depth contour points
133.8060	-5.3961 6
133.9072	-5.1140 6
133.9257	-5.0502 6
133.9538	-4.8589 6
133.9912	-4.6127 6
134.0375	-4.4122 6
134.0198	-4.2934 6
133.9746	-4.2111 6
133.8107	-4.2560 6
133.6102	-4.3281 6
133.4919	-4.3459 6
133.2555	-4.3265 6
132.9830	-4.2249 6
132.8016	-4.0963 6
132.6932	-3.8949 6
132.5849	-3.6844 6
132.4675	-3.4829 6
132.3495	-3.4093 6
132.1680	-3.3079 6
131.9594	-3.1516 6
131.7689	-3.0228 6
131.6056	-2.9124 6
131.4697	-2.7838 6
131.2700	-2.6823 6
131.0883	-2.6084 6
130.9340	-2.5254 6
130.7888	-2.4516 6
130.6254	-2.3594 6
130.3984	-2.2578 6
130.2258	-2.2021 6
130.0258	-2.1555 6
129.9168	-2.1275 6
129.8168	-2.0997 6
129.7536	-1.9805 6
129.7538	-1.9439 6
129.7817	-1.7976 6
129.8000	-1.7611 6
129.8732	-1.6699 6
130.0010	-1.5607 6
130.1195	-1.4972 6
130.2839	-1.3424 6
130.4118	-1.2057 6
130.3942	-1.0775 6
130.3671	-1.0224 6
130.2858	-0.8848 6
130.2044	-0.7563 6
130.0958	-0.6185 6
130.0235	-0.5175 6
129.9786	-0.3708 6
129.9338	-0.1967 6
129.8801	0.0140 6
129.8715	0.1331 6
129.8721	0.2795 6
129.8821	0.4991 6
129.8736	0.6456 6
129.8105	0.7832 6
129.7025	1.0674 6
129.6301	1.1501 6
129.5219	1.3885 6
129.4236	1.8281 6
129.3882	2.0570 6
129.2808	2.4873 6
129.2268	2.6247 6
129.1100	2.9818 6
128.9296	3.3664 6
128.7850	3.5955 6
128.6045	3.9251 6
128.4873	4.1903 6
128.2525	4.6112 6
127.9541	5.0412 6
127.8459	5.2604 6
127.7016	5.5799 6
127.6116	5.7898 6
127.4859	6.2000 6
127.4054	6.5369 6
127.3253	6.9644 6
127.2813	7.3187 6
127.2289	7.8361 6
127.1575	8.1536 6
127.1046	8.5612 6
127.0061	8.9416 6
126.9170	9.3846 6
126.8640	9.7638 6
126.7929	10.1697 6
126.7664	10.3499 6
126.7309	10.5570 6
126.7319	10.7998 6
126.6425	11.1595 6
126.4800	11.4653 6
126.4353	11.6537 6
126.2822	12.0216 6
126.0745	12.3713 6
125.9571	12.5683 6
125.7585	12.9440 6
125.5686	13.2122 6
125.3697	13.4890 6
125.2433	13.7119 6
125.1078	13.9434 6
124.9724	14.1836 6
124.8913	14.3524 6
124.7738	14.5390 6
124.6654	14.7165 6
124.6112	14.8052 6
>  16  50 km depth contour points
124.5763	12.9286 50
125.0972	12.0714 50
125.3854	11.2679 50
125.7225	10.3571 50
125.9797	9.5714 50
126.1724	8.7321 50
126.4120	7.9375 50
126.6371	6.9286 50
126.0968	5.4911 50
126.3309	3.7857 50
125.8807	1.2500 50
124.2304	0.0119 50
122.9421	-0.5357 50
122.3303	0.9048 50
121.3504	0.6071 50
120.3107	0.1905 50
>  14  100 km depth contour points
124.0833	12.7024 100
124.6739	12.0536 100
125.4205	10.2262 100
125.9617	8.6875 100
126.2409	7.9107 100
126.4750	6.9286 100
125.8266	5.5179 100
126.0067	3.9107 100
125.3043	1.7857 100
124.1348	0.2500 100
123.0115	-0.1310 100
122.3087	0.3452 100
121.6492	0.3036 100
120.8843	-0.0833 100
>  11  150 km depth contour points
121.8458	0.1071 150
122.3565	0.1190 150
122.8725	0.0875 150
124.0511	0.4405 150
125.0882	2.0179 150
125.3944	4.1071 150
125.5191	5.5060 150
126.3696	6.9226 150
125.8717	8.7857 150
125.2850	10.2560 150
124.3587	11.8214 150
>  10  200 km depth contour points
121.7925	-0.0714 200
122.4259	0.0714 200
122.8725	0.1250 200
123.9675	0.6667 200
124.4398	2.5357 200
125.0702	4.2679 200
125.3096	5.5179 200
126.2463	6.9583 200
125.7996	8.7143 200
125.1887	10.5234 200
>  7  250 km depth contour points
123.6209	0.9286 250
124.3298	2.7656 250
124.8720	4.0179 250
125.1001	5.5893 250
126.1107	6.9702 250
125.6555	8.6786 250
125.1248	10.2440 250
>  7  300 km depth contour points
123.6807	1.1429 300
124.1880	2.8125 300
124.6379	4.0536 300
124.9801	5.5893 300
125.9505	6.9940 300
125.5438	8.6726 300
124.9953	10.1369 300
>>>>Digitized slab contours for New Britain-Solomon
>  125 6  km depth contour points
147.0740	-6.8780 6
147.1500	-6.9150 6
147.2260	-6.9510 6
147.3090	-6.9810 6
147.3920	-7.0110 6
147.4750	-7.0390 6
147.5590	-7.0670 6
147.6430	-7.0940 6
147.7270	-7.1210 6
147.8110	-7.1460 6
147.8960	-7.1700 6
147.9810	-7.1940 6
148.0660	-7.2160 6
148.1520	-7.2380 6
148.2410	-7.2500 6
148.3310	-7.2620 6
148.4200	-7.2720 6
148.5100	-7.2810 6
148.5990	-7.2880 6
148.6890	-7.2940 6
148.7790	-7.2980 6
148.8690	-7.3000 6
148.9590	-7.3010 6
149.0430	-7.2880 6
149.1280	-7.2730 6
149.2110	-7.2560 6
149.2950	-7.2380 6
149.3640	-7.2150 6
149.4330	-7.1910 6
149.5020	-7.1670 6
149.5700	-7.1430 6
149.6390	-7.1180 6
149.7140	-7.0940 6
149.7880	-7.0710 6
149.8630	-7.0480 6
149.9380	-7.0250 6
150.0130	-7.0020 6
150.0910	-6.9790 6
150.1700	-6.9570 6
150.2480	-6.9340 6
150.3270	-6.9110 6
150.4050	-6.8880 6
150.4830	-6.8650 6
150.5610	-6.8380 6
150.6390	-6.8100 6
150.7170	-6.7830 6
150.7940	-6.7540 6
150.8720	-6.7260 6
150.9490	-6.6970 6
151.0260	-6.6670 6
151.1030	-6.6370 6
151.1760	-6.6040 6
151.2490	-6.5700 6
151.3220	-6.5360 6
151.3940	-6.5020 6
151.4670	-6.4680 6
151.5390	-6.4330 6
151.6110	-6.3980 6
151.6870	-6.3580 6
151.7640	-6.3170 6
151.8400	-6.2770 6
151.9170	-6.2370 6
151.9930	-6.1970 6
152.0710	-6.1580 6
152.1480	-6.1200 6
152.2180	-6.0920 6
152.2890	-6.0650 6
152.3610	-6.0390 6
152.4320	-6.0150 6
152.5050	-5.9930 6
152.5820	-5.9840 6
152.6590	-5.9780 6
152.7360	-5.9740 6
152.8130	-5.9730 6
152.8900	-5.9750 6
152.9610	-5.9920 6
153.0320	-6.0100 6
153.1020	-6.0310 6
153.1720	-6.0540 6
153.2410	-6.0790 6
153.3120	-6.1180 6
153.3830	-6.1580 6
153.4520	-6.2000 6
153.5210	-6.2440 6
153.5890	-6.2880 6
153.6570	-6.3330 6
153.7240	-6.3860 6
153.7910	-6.4390 6
153.8570	-6.4930 6
153.9230	-6.5480 6
153.9890	-6.6030 6
154.0540	-6.6580 6
154.1190	-6.7140 6
154.1830	-6.7710 6
154.2460	-6.8290 6
154.3100	-6.8860 6
154.3740	-6.9430 6
154.4370	-7.0010 6
154.5010	-7.0580 6
154.5640	-7.1110 6
154.6270	-7.1650 6
154.6900	-7.2180 6
154.7530	-7.2710 6
154.8160	-7.3230 6
154.8800	-7.3750 6
154.9440	-7.4270 6
155.0080	-7.4790 6
155.0730	-7.5300 6
155.1430	-7.5790 6
155.2130	-7.6280 6
155.2830	-7.6770 6
155.3540	-7.7250 6
155.4250	-7.7730 6
155.4950	-7.8160 6
155.5640	-7.8580 6
155.6340	-7.9000 6
155.7040	-7.9420 6
155.7740	-7.9840 6
155.8450	-8.0260 6
155.9150	-8.0670 6
155.9870	-8.1090 6
156.0600	-8.1510 6
156.1330	-8.1930 6
156.2050	-8.2340 6
156.2780	-8.2760 6
>  15  50 km depth contour points
158.8750	-8.9230 50
156.3839	-7.2491 50
155.2679	-6.5079 50
154.5179	-5.8082 50
153.8690	-5.3368 50
153.5268	-4.8031 50
152.8661	-4.5451 50
152.2619	-4.8624 50
151.8750	-5.0847 50
151.2946	-5.3812 50
150.5714	-5.6748 50
149.5804	-5.8971 50
148.9435	-5.9297 50
147.9196	-6.0305 50
147.2411	-5.9327 50
>  15  100 km depth contour points
159.1500	-8.5264 100
156.4107	-7.0267 100
155.3423	-6.4041 100
154.6875	-5.6970 100
154.0893	-5.1500 100
153.5565	-4.4028 100
152.7500	-4.1894 100
152.2589	-4.5273 100
151.6964	-4.8476 100
151.2000	-5.1555 100
150.5000	-5.4346 100
149.7321	-5.6036 100
148.9911	-5.7726 100
148.1071	-5.7548 100
147.4018	-5.7281 100
>  14  150 km depth contour points
156.4000	-6.8410 150
155.2262	-6.1788 150
154.6205	-5.5369 150
154.1518	-5.0521 150
153.8095	-4.3732 150
152.7381	-3.8988 150
152.2589	-4.2249 150
151.5982	-4.6608 150
151.0536	-5.0788 150
150.3839	-5.3279 150
149.6280	-5.4702 150
148.9137	-5.6184 150
148.1696	-5.5947 150
147.3500	-5.5025 150
>  13  200 km depth contour points
155.3304	-6.1551 200
154.5982	-5.3961 200
154.1830	-5.0388 200
153.8244	-4.1360 200
152.8274	-3.6023 200
152.0536	-3.9877 200
151.5000	-4.4367 200
151.0250	-4.9324 200
150.4107	-5.2478 200
149.4750	-5.4529 200
148.8988	-5.5295 200
148.1429	-5.5502 200
147.2768	-5.3812 200
>  11  250 km depth contour points
154.2054	-4.9765 250
153.8988	-4.0174 250
152.6935	-3.3651 250
152.0536	-3.6913 250
151.3500	-4.2880 250
150.9000	-4.7589 250
150.4613	-5.0996 250
149.4554	-5.3545 250
148.9554	-5.4702 250
148.1786	-5.5146 250
147.3304	-5.3190 250
>>>>Digitized slab contours for Vanuatu
>  175  6 km depth contour points
165.0180	-11.3010 6
165.0900	-11.3430 6
165.1610	-11.3870 6
165.2300	-11.4330 6
165.2970	-11.4810 6
165.3520	-11.5410 6
165.4060	-11.6020 6
165.4570	-11.6650 6
165.5070	-11.7300 6
165.5550	-11.7950 6
165.6010	-11.8620 6
165.6340	-11.9320 6
165.6660	-12.0030 6
165.6960	-12.0740 6
165.7250	-12.1460 6
165.7540	-12.2180 6
165.7820	-12.2900 6
165.8090	-12.3630 6
165.8370	-12.4390 6
165.8640	-12.5160 6
165.8910	-12.5920 6
165.9170	-12.6690 6
165.9430	-12.7460 6
165.9690	-12.8230 6
165.9940	-12.9010 6
166.0180	-12.9780 6
166.0350	-13.0520 6
166.0520	-13.1270 6
166.0690	-13.2010 6
166.0850	-13.2760 6
166.1000	-13.3500 6
166.1150	-13.4250 6
166.1280	-13.5130 6
166.1410	-13.6010 6
166.1540	-13.6900 6
166.1660	-13.7780 6
166.1780	-13.8660 6
166.1900	-13.9540 6
166.2020	-14.0430 6
166.2140	-14.1310 6
166.2260	-14.2140 6
166.2380	-14.2970 6
166.2510	-14.3800 6
166.2630	-14.4630 6
166.2760	-14.5450 6
166.2880	-14.6280 6
166.3010	-14.7110 6
166.3160	-14.7990 6
166.3300	-14.8870 6
166.3460	-14.9750 6
166.3610	-15.0630 6
166.3770	-15.1510 6
166.3930	-15.2390 6
166.4090	-15.3270 6
166.4260	-15.4150 6
166.4470	-15.4980 6
166.4680	-15.5800 6
166.4890	-15.6620 6
166.5110	-15.7440 6
166.5330	-15.8270 6
166.5560	-15.9090 6
166.5790	-15.9900 6
166.6020	-16.0720 6
166.6260	-16.1540 6
166.6550	-16.2380 6
166.6850	-16.3220 6
166.7150	-16.4060 6
166.7450	-16.4900 6
166.7750	-16.5740 6
166.8060	-16.6580 6
166.8370	-16.7420 6
166.8690	-16.8250 6
166.9000	-16.9090 6
166.9320	-16.9920 6
166.9640	-17.0710 6
166.9960	-17.1500 6
167.0280	-17.2280 6
167.0600	-17.3070 6
167.0920	-17.3860 6
167.1240	-17.4640 6
167.1570	-17.5430 6
167.1890	-17.6210 6
167.2220	-17.7000 6
167.2550	-17.7780 6
167.2880	-17.8560 6
167.3210	-17.9340 6
167.3550	-18.0120 6
167.3880	-18.0890 6
167.4210	-18.1670 6
167.4540	-18.2450 6
167.4880	-18.3230 6
167.5210	-18.4010 6
167.5540	-18.4780 6
167.5880	-18.5560 6
167.6210	-18.6340 6
167.6540	-18.7130 6
167.6870	-18.7920 6
167.7210	-18.8710 6
167.7540	-18.9500 6
167.7870	-19.0290 6
167.8210	-19.1080 6
167.8540	-19.1870 6
167.8880	-19.2650 6
167.9210	-19.3440 6
167.9550	-19.4230 6
167.9890	-19.5020 6
168.0230	-19.5800 6
168.0570	-19.6590 6
168.0950	-19.7410 6
168.1330	-19.8220 6
168.1710	-19.9030 6
168.2090	-19.9850 6
168.2480	-20.0660 6
168.2860	-20.1470 6
168.3260	-20.2280 6
168.3650	-20.3090 6
168.4050	-20.3890 6
168.4450	-20.4700 6
168.4860	-20.5500 6
168.5270	-20.6300 6
168.5680	-20.7100 6
168.6140	-20.7840 6
168.6600	-20.8570 6
168.7060	-20.9310 6
168.7530	-21.0040 6
168.8010	-21.0760 6
168.8490	-21.1490 6
168.8970	-21.2210 6
168.9460	-21.2930 6
168.9950	-21.3640 6
169.0450	-21.4360 6
169.0950	-21.5060 6
169.1460	-21.5770 6
169.2010	-21.6400 6
169.2560	-21.7030 6
169.3110	-21.7650 6
169.3670	-21.8270 6
169.4240	-21.8880 6
169.4800	-21.9490 6
169.5380	-22.0100 6
169.5960	-22.0700 6
169.6540	-22.1300 6
169.7130	-22.1890 6
169.7720	-22.2480 6
169.8380	-22.3040 6
169.9050	-22.3590 6
169.9720	-22.4130 6
170.0400	-22.4670 6
170.1080	-22.5200 6
170.1770	-22.5730 6
170.2470	-22.6250 6
170.3170	-22.6760 6
170.3870	-22.7260 6
170.4580	-22.7760 6
170.5300	-22.8250 6
170.6040	-22.8640 6
170.6790	-22.9030 6
170.7540	-22.9400 6
170.8300	-22.9770 6
170.9070	-23.0120 6
170.9840	-23.0460 6
171.0620	-23.0780 6
171.1400	-23.0970 6
171.2190	-23.1150 6
171.2980	-23.1310 6
171.3770	-23.1460 6
171.4560	-23.1600 6
171.5360	-23.1730 6
171.6160	-23.1840 6
171.7090	-23.1860 6
171.8010	-23.1870 6
171.8940	-23.1870 6
171.9870	-23.1840 6
172.0790	-23.1810 6
172.1720	-23.1760 6
>  18  50 km depth contour points
172.4895	-22.5804 50
171.6905	-22.5297 50
171.1429	-22.2644 50
170.5357	-21.8103 50
170.0648	-21.4375 50
169.8775	-20.9554 50
169.5124	-20.3750 50
169.1567	-19.7143 50
168.9320	-19.1071 50
168.1830	-17.5804 50
167.7290	-16.0357 50
167.1532	-14.7589 50
166.8068	-13.3929 50
166.7507	-12.5982 50
166.6477	-11.9286 50
166.4558	-11.2634 50
166.0017	-10.7143 50
165.1872	-10.5268 50
>  18  100 km depth contour points
172.3772	-22.4554 100
171.6001	-22.1875 100
171.1882	-22.0179 100
170.6310	-21.6109 100
170.3333	-21.3451 100
169.9712	-20.8125 100
169.6435	-20.2411 100
169.2877	-19.5179 100
169.0771	-19.0179 100
168.3984	-17.5089 100
167.8881	-16.0000 100
167.3164	-14.7143 100
166.9847	-13.3214 100
166.8817	-12.4911 100
166.7319	-11.9554 100
166.5588	-11.2098 100
166.0111	-10.6161 100
165.1498	-10.3839 100
>  18  150 km depth contour points
172.4984	-22.3261 150
171.6376	-22.0893 150
171.2350	-21.8571 150
170.8095	-21.5112 150
170.4299	-21.1964 150
170.1865	-20.7098 150
169.8750	-20.1957 150
169.5265	-19.4821 150
169.1848	-18.8839 150
168.4700	-17.4571 150
168.0145	-15.9554 150
167.4643	-14.5714 150
167.1389	-13.3714 150
166.9577	-12.5109 150
166.7975	-11.9286 150
166.5541	-11.0982 150
166.0204	-10.5357 150
165.1484	-10.2391 150
>  10  200 km depth contour points
169.6248	-19.3214 200
169.2531	-18.7717 200
168.6979	-17.4464 200
168.1269	-15.8750 200
167.6307	-14.6518 200
167.3608	-13.3143 200
167.0798	-12.4000 200
166.8256	-11.9286 200
166.6477	-11.0089 200
166.0304	-10.4348 200
>  4  250 km depth contour points
169.7792	-19.2054 250
169.5247	-18.7833 250
168.9496	-17.4083 250
168.2205	-15.7679 250
>>>>Digitized slab contours for Tonga-New Zealand
>  372  6 km depth contour points
174.1680	-42.8110 6
174.2610	-42.7770 6
174.3530	-42.7420 6
174.4460	-42.7070 6
174.5380	-42.6710 6
174.6300	-42.6350 6
174.7220	-42.5990 6
174.8130	-42.5620 6
174.9050	-42.5250 6
174.9960	-42.4880 6
175.0870	-42.4500 6
175.1780	-42.4120 6
175.2680	-42.3730 6
175.3590	-42.3340 6
175.4490	-42.2950 6
175.5350	-42.2510 6
175.6200	-42.2070 6
175.7050	-42.1620 6
175.7900	-42.1170 6
175.8750	-42.0720 6
175.9600	-42.0260 6
176.0440	-41.9800 6
176.1280	-41.9340 6
176.2110	-41.8870 6
176.2950	-41.8400 6
176.3780	-41.7920 6
176.4600	-41.7440 6
176.5430	-41.6960 6
176.6220	-41.6430 6
176.7000	-41.5890 6
176.7780	-41.5350 6
176.8550	-41.4800 6
176.9320	-41.4260 6
177.0090	-41.3700 6
177.0850	-41.3140 6
177.1610	-41.2580 6
177.2360	-41.2020 6
177.3110	-41.1440 6
177.3860	-41.0870 6
177.4600	-41.0290 6
177.5330	-40.9700 6
177.5980	-40.9050 6
177.6620	-40.8390 6
177.7260	-40.7730 6
177.7890	-40.7060 6
177.8510	-40.6400 6
177.9130	-40.5720 6
177.9740	-40.5050 6
178.0350	-40.4370 6
178.0960	-40.3680 6
178.1560	-40.3000 6
178.2150	-40.2310 6
178.2740	-40.1620 6
178.3330	-40.0920 6
178.3880	-40.0170 6
178.4420	-39.9420 6
178.4960	-39.8670 6
178.5500	-39.7910 6
178.6030	-39.7150 6
178.6560	-39.6390 6
178.7080	-39.5630 6
178.7590	-39.4860 6
178.8110	-39.4090 6
178.8620	-39.3320 6
178.9120	-39.2550 6
178.9540	-39.1810 6
178.9950	-39.1080 6
179.0370	-39.0340 6
179.0780	-38.9600 6
179.1200	-38.8860 6
179.1620	-38.8120 6
179.2040	-38.7390 6
179.2530	-38.6670 6
179.3030	-38.5950 6
179.3530	-38.5230 6
179.4040	-38.4520 6
179.4550	-38.3800 6
179.5060	-38.3090 6
179.5580	-38.2380 6
179.6100	-38.1680 6
179.6620	-38.0970 6
179.7170	-38.0270 6
179.7730	-37.9580 6
179.8290	-37.8880 6
179.8850	-37.8190 6
179.9400	-37.7490 6
179.9960	-37.6800 6
180.0520	-37.6100 6
180.1080	-37.5410 6
180.1630	-37.4710 6
180.2190	-37.4020 6
180.2740	-37.3320 6
180.3290	-37.2620 6
180.3820	-37.1870 6
180.4350	-37.1110 6
180.4870	-37.0360 6
180.5390	-36.9600 6
180.5900	-36.8840 6
180.6420	-36.8080 6
180.6920	-36.7320 6
180.7420	-36.6550 6
180.7920	-36.5780 6
180.8410	-36.5010 6
180.8900	-36.4240 6
180.9380	-36.3460 6
180.9750	-36.2660 6
181.0120	-36.1860 6
181.0490	-36.1060 6
181.0850	-36.0260 6
181.1200	-35.9460 6
181.1560	-35.8660 6
181.1910	-35.7850 6
181.2260	-35.7050 6
181.2600	-35.6240 6
181.2950	-35.5430 6
181.3290	-35.4630 6
181.3640	-35.3820 6
181.4030	-35.3010 6
181.4420	-35.2190 6
181.4810	-35.1380 6
181.5200	-35.0570 6
181.5580	-34.9760 6
181.5970	-34.8940 6
181.6360	-34.8130 6
181.6740	-34.7310 6
181.7130	-34.6500 6
181.7510	-34.5680 6
181.7880	-34.4870 6
181.8260	-34.4050 6
181.8580	-34.3240 6
181.8890	-34.2430 6
181.9200	-34.1630 6
181.9500	-34.0820 6
181.9810	-34.0010 6
182.0110	-33.9190 6
182.0400	-33.8380 6
182.0690	-33.7570 6
182.0980	-33.6750 6
182.1270	-33.5940 6
182.1550	-33.5120 6
182.1780	-33.4270 6
182.2000	-33.3420 6
182.2230	-33.2570 6
182.2450	-33.1720 6
182.2670	-33.0870 6
182.2890	-33.0020 6
182.3110	-32.9170 6
182.3340	-32.8330 6
182.3560	-32.7480 6
182.3790	-32.6630 6
182.4020	-32.5780 6
182.4300	-32.4940 6
182.4590	-32.4100 6
182.4880	-32.3260 6
182.5180	-32.2430 6
182.5490	-32.1600 6
182.5810	-32.0770 6
182.6230	-32.0000 6
182.6660	-31.9230 6
182.7100	-31.8460 6
182.7550	-31.7700 6
182.7990	-31.6940 6
182.8440	-31.6180 6
182.8890	-31.5420 6
182.9310	-31.4630 6
182.9730	-31.3840 6
183.0140	-31.3040 6
183.0550	-31.2250 6
183.0960	-31.1450 6
183.1370	-31.0650 6
183.1780	-30.9860 6
183.2180	-30.9060 6
183.2580	-30.8260 6
183.2980	-30.7460 6
183.3360	-30.6650 6
183.3740	-30.5830 6
183.4120	-30.5020 6
183.4500	-30.4200 6
183.4870	-30.3380 6
183.5240	-30.2560 6
183.5600	-30.1750 6
183.5970	-30.0920 6
183.6330	-30.0100 6
183.6680	-29.9280 6
183.7030	-29.8460 6
183.7380	-29.7630 6
183.7670	-29.6770 6
183.7960	-29.5910 6
183.8240	-29.5050 6
183.8520	-29.4190 6
183.8800	-29.3320 6
183.9070	-29.2460 6
183.9340	-29.1600 6
183.9610	-29.0730 6
183.9880	-28.9870 6
184.0140	-28.9000 6
184.0390	-28.8130 6
184.0640	-28.7270 6
184.0890	-28.6400 6
184.1140	-28.5530 6
184.1380	-28.4660 6
184.1630	-28.3800 6
184.1870	-28.2930 6
184.2110	-28.2060 6
184.2350	-28.1190 6
184.2580	-28.0320 6
184.2820	-27.9450 6
184.3030	-27.8590 6
184.3240	-27.7720 6
184.3440	-27.6860 6
184.3650	-27.5990 6
184.3850	-27.5130 6
184.4050	-27.4260 6
184.4250	-27.3390 6
184.4450	-27.2530 6
184.4640	-27.1660 6
184.4840	-27.0790 6
184.5030	-26.9930 6
184.5220	-26.9060 6
184.5410	-26.8190 6
184.5570	-26.7340 6
184.5740	-26.6490 6
184.5900	-26.5640 6
184.6060	-26.4790 6
184.6220	-26.3940 6
184.6370	-26.3090 6
184.6520	-26.2240 6
184.6670	-26.1380 6
184.6820	-26.0530 6
184.6960	-25.9680 6
184.7100	-25.8830 6
184.7240	-25.7970 6
184.7370	-25.7120 6
184.7500	-25.6260 6
184.7630	-25.5410 6
184.7680	-25.4560 6
184.7730	-25.3710 6
184.7790	-25.2860 6
184.7840	-25.2010 6
184.7890	-25.1160 6
184.7940	-25.0310 6
184.8000	-24.9460 6
184.8060	-24.8610 6
184.8130	-24.7760 6
184.8270	-24.6940 6
184.8420	-24.6120 6
184.8570	-24.5300 6
184.8740	-24.4490 6
184.8920	-24.3670 6
184.9110	-24.2860 6
184.9440	-24.2040 6
184.9780	-24.1220 6
185.0140	-24.0410 6
185.0500	-23.9610 6
185.0880	-23.8800 6
185.1260	-23.8000 6
185.1650	-23.7200 6
185.2050	-23.6400 6
185.2450	-23.5610 6
185.2850	-23.4880 6
185.3260	-23.4150 6
185.3670	-23.3430 6
185.4080	-23.2700 6
185.4500	-23.1980 6
185.4910	-23.1250 6
185.5330	-23.0530 6
185.5740	-22.9800 6
185.6170	-22.8990 6
185.6610	-22.8180 6
185.7040	-22.7370 6
185.7470	-22.6570 6
185.7900	-22.5760 6
185.8330	-22.4940 6
185.8750	-22.4130 6
185.9180	-22.3320 6
185.9600	-22.2510 6
186.0020	-22.1690 6
186.0440	-22.0880 6
186.0850	-22.0070 6
186.1270	-21.9250 6
186.1660	-21.8430 6
186.2040	-21.7610 6
186.2420	-21.6790 6
186.2800	-21.5970 6
186.3180	-21.5150 6
186.3560	-21.4330 6
186.3930	-21.3500 6
186.4300	-21.2680 6
186.4680	-21.1860 6
186.5050	-21.1030 6
186.5410	-21.0210 6
186.5780	-20.9380 6
186.6130	-20.8540 6
186.6470	-20.7710 6
186.6810	-20.6870 6
186.7160	-20.6030 6
186.7500	-20.5190 6
186.7830	-20.4350 6
186.8170	-20.3510 6
186.8500	-20.2670 6
186.8830	-20.1830 6
186.9160	-20.0980 6
186.9480	-20.0140 6
186.9810	-19.9300 6
187.0130	-19.8450 6
187.0450	-19.7610 6
187.0760	-19.6760 6
187.1020	-19.5910 6
187.1280	-19.5060 6
187.1540	-19.4210 6
187.1790	-19.3360 6
187.2040	-19.2510 6
187.2290	-19.1660 6
187.2540	-19.0810 6
187.2790	-18.9960 6
187.3030	-18.9100 6
187.3280	-18.8250 6
187.3520	-18.7400 6
187.3760	-18.6540 6
187.4000	-18.5690 6
187.4240	-18.4830 6
187.4470	-18.3980 6
187.4710	-18.3120 6
187.4940	-18.2270 6
187.5170	-18.1410 6
187.5400	-18.0550 6
187.5630	-17.9700 6
187.5860	-17.8840 6
187.6080	-17.7980 6
187.6310	-17.7130 6
187.6530	-17.6270 6
187.6750	-17.5410 6
187.6970	-17.4550 6
187.7180	-17.3710 6
187.7380	-17.2880 6
187.7580	-17.2040 6
187.7780	-17.1200 6
187.7960	-17.0360 6
187.8150	-16.9520 6
187.8320	-16.8680 6
187.8490	-16.7840 6
187.8640	-16.6990 6
187.8790	-16.6150 6
187.8920	-16.5300 6
187.9040	-16.4450 6
187.9010	-16.3630 6
187.8970	-16.2810 6
187.8920	-16.1990 6
187.8840	-16.1180 6
187.8750	-16.0360 6
187.8630	-15.9550 6
187.8500	-15.8740 6
187.8340	-15.7940 6
187.8150	-15.7130 6
187.7730	-15.6380 6
187.7290	-15.5650 6
187.6830	-15.4930 6
187.6340	-15.4210 6
187.5840	-15.3510 6
187.5310	-15.2820 6
187.4770	-15.2140 6
187.4210	-15.1470 6
187.3500	-15.0830 6
187.2770	-15.0210 6
187.2020	-14.9600 6
187.1260	-14.9000 6
187.0480	-14.8420 6
186.9690	-14.7860 6
186.8910	-14.7450 6
186.8120	-14.7050 6
186.7330	-14.6670 6
186.6520	-14.6300 6
>  23  50 km depth contour points
173.3941	-41.6094 50
174.5321	-40.8125 50
176.0096	-39.5312 50
177.4271	-38.3906 50
178.1786	-37.5963 50
178.8750	-36.6042 50
179.6170	-35.3452 50
180.0725	-34.2344 50
180.4119	-33.4531 50
180.9110	-32.5625 50
181.8612	-30.2969 50
182.5264	-28.7946 50
182.9698	-27.5446 50
183.2541	-26.2976 50
183.4140	-25.3214 50
183.4229	-24.0417 50
184.0101	-22.6250 50
184.7382	-21.4896 50
185.0833	-20.2500 50
185.9802	-18.3036 50
186.2953	-16.9408 50
186.4292	-15.7812 50
186.1474	-14.8438 50
>  21  100 km depth contour points
174.1572	-40.3125 100
175.7734	-38.9196 100
176.8988	-38.2768 100
177.6467	-37.4531 100
178.3455	-36.3281 100
179.1518	-35.2332 100
179.8249	-34.2143 100
180.5760	-32.6071 100
181.7731	-29.8906 100
182.2223	-28.5476 100
182.6295	-27.1250 100
182.6713	-26.2083 100
182.9531	-25.3333 100
183.0706	-23.9375 100
183.6343	-22.6042 100
184.2919	-21.3854 100
184.7018	-20.0714 100
185.5781	-18.1607 100
185.8874	-16.7679 100
185.9947	-15.8333 100
185.7716	-14.9271 100
>  21  150 km depth contour points
173.8460	-40.1905 150
175.4020	-38.7321 150
176.6963	-37.9643 150
177.4165	-37.1696 150
178.0625	-36.3493 150
178.8346	-35.0156 150
179.5886	-34.1250 150
180.3199	-32.6071 150
181.3717	-30.0804 150
182.0479	-28.4286 150
182.2955	-27.3125 150
182.3425	-26.2917 150
182.5539	-25.2500 150
182.6948	-23.7917 150
183.3055	-22.4583 150
183.9631	-21.1979 150
184.5059	-19.9821 150
185.2079	-17.8854 150
185.4338	-16.9018 150
185.6659	-15.7708 150
185.5132	-15.0104 150
>  21  200 km depth contour points
173.8167	-40.0312 200
175.1111	-38.5938 200
176.4374	-37.7768 200
177.1127	-37.0804 200
177.9554	-36.1495 200
178.6050	-35.0859 200
179.4648	-34.0357 200
180.1819	-32.2679 200
181.1213	-29.9531 200
181.7083	-28.4375 200
182.0333	-27.1310 200
182.1076	-26.0833 200
182.2250	-25.2500 200
182.5168	-23.6667 200
182.9884	-22.2500 200
183.5638	-21.0312 200
184.1980	-19.7812 200
184.9965	-17.7812 200
185.3120	-16.5833 200
185.4033	-15.8214 200
185.3253	-14.9688 200
>  15  250 km depth contour points
179.2960	-33.9643 250
179.9900	-32.2738 250
181.0949	-29.7344 250
181.5538	-28.3452 250
181.8154	-27.1190 250
181.9784	-26.1250 250
181.8962	-25.2083 250
182.2250	-23.5625 250
182.7418	-22.1042 250
183.2115	-20.8229 250
183.8457	-19.6146 250
184.5972	-17.9479 250
184.9965	-16.6771 250
185.0435	-15.9896 250
184.9965	-15.0312 250
>  15  300 km depth contour points
179.1484	-33.6758 300
179.8800	-32.2619 300
180.9011	-29.6641 300
181.3358	-28.2976 300
181.5204	-27.2292 300
181.6938	-25.9531 300
181.6144	-25.1875 300
182.0100	-23.4048 300
182.4834	-21.8333 300
182.8827	-20.4479 300
183.2820	-19.4271 300
184.1658	-17.5238 300
184.3787	-16.6786 300
184.4969	-16.0000 300
184.4563	-15.1562 300
>  12  400 km depth contour points
179.6637	-32.1875 400
180.3343	-29.5625 400
180.7051	-27.0357 400
180.7305	-26.0119 400
180.9458	-25.0595 400
181.2879	-22.9048 400
181.9720	-21.5119 400
182.3521	-19.9881 400
182.3808	-18.9219 400
182.7828	-17.4643 400
182.9333	-16.5000 400
182.1194	-15.5000 400
>  10  500 km depth contour points
179.2004	-31.9479 500
179.5593	-29.2292 500
179.5016	-26.7738 500
179.5903	-25.6310 500
179.8530	-24.6133 500
180.6544	-22.7381 500
181.5033	-21.3333 500
181.8960	-19.9167 500
181.6938	-18.4375 500
181.3512	-17.2024 500
>  4  600 km depth contour points
180.1224	-22.7262 600
180.9712	-21.1310 600
181.6731	-19.7083 600
181.1799	-18.0208 600
>>>>Digitized slab contours for Sumatra-Banda Sea
>  154  6 km depth contour points
92.1207	13.5455 6
91.9920	13.2346 6
91.8626	12.7805 6
91.7612	12.4774 6
91.7140	12.0842 6
91.7127	11.7888 6
91.6561	11.3318 6
91.6092	10.9999 6
91.5713	10.6765 6
91.5428	10.3797 6
91.5052	10.1098 6
91.5137	9.9836 6
91.5305	9.6679 6
91.5296	9.4513 6
91.5650	9.2164 6
91.6092	8.9270 6
91.6804	8.5739 6
91.7160	8.3837 6
91.8507	7.9845 6
92.1486	7.4481 6
92.4187	6.8021 6
92.5524	6.1650 6
92.6329	5.8278 6
92.7226	5.5451 6
92.8488	5.2620 6
92.9565	4.9333 6
93.1368	4.5403 6
93.1819	4.4489 6
93.4987	4.0823 6
93.6524	3.8625 6
93.7603	3.5697 6
93.9412	3.3131 6
94.0588	3.1572 6
94.2128	3.0011 6
94.3486	2.8543 6
94.7563	2.4501 6
94.9106	2.3580 6
95.1460	2.1100 6
95.3819	1.9534 6
95.6265	1.7144 6
95.8619	1.4572 6
96.0159	1.2918 6
96.1785	1.0348 6
96.4227	0.6859 6
96.5673	0.4473 6
96.6666	0.2729 6
96.8200	-0.0116 6
96.9645	-0.2594 6
97.0912	-0.4338 6
97.2809	-0.7276 6
97.3803	-0.9020 6
97.4347	-0.9480 6
97.8139	-1.6177 6
97.9041	-1.8103 6
98.1114	-2.2594 6
98.5733	-2.7371 6
98.7456	-2.8658 6
98.9809	-3.1777 6
99.2162	-3.4712 6
99.4879	-3.7556 6
99.8318	-4.1772 6
100.0127	-4.4244 6
100.2114	-4.7629 6
100.3741	-5.0008 6
100.5913	-5.2844 6
100.9899	-5.6779 6
101.2163	-5.9157 6
101.4153	-6.2079 6
101.6054	-6.4271 6
101.9045	-6.6830 6
102.1946	-6.9297 6
102.4665	-7.1671 6
102.8382	-7.4774 6
103.1922	-7.6605 6
103.5101	-7.7979 6
103.8732	-7.9718 6
104.1548	-8.0909 6
104.5268	-8.3281 6
104.7448	-8.4106 6
105.0083	-8.4841 6
105.6708	-8.8762 6
105.9521	-9.0492 6
106.3423	-9.2768 6
106.5601	-9.4042 6
106.9321	-9.6405 6
107.3135	-9.8136 6
107.7222	-9.9777 6
108.0764	-10.1055 6
108.4490	-10.2152 6
109.0218	-10.3078 6
109.4311	-10.3186 6
109.8222	-10.3473 6
110.3044	-10.3494 6
110.6774	-10.3601 6
111.0958	-10.3709 6
111.4323	-10.4084 6
112.3320	-10.6284 6
112.8591	-10.7656 6
113.8228	-10.9406 6
114.4230	-10.9971 6
115.0686	-11.0808 6
115.5778	-11.1459 6
116.4963	-11.2218 6
116.9511	-11.2417 6
117.4607	-11.2170 6
117.9519	-11.2461 6
119.3615	-11.3690 6
119.8803	-11.3264 6
120.2712	-11.3909 6
120.6168	-11.4193 6
121.2173	-11.3950 6
121.5906	-11.3339 6
122.1553	-11.1837 6
123.3393	-10.8745 6
123.8768	-10.7061 6
124.3870	-10.5194 6
124.6239	-10.4305 6
125.0524	-10.2253 6
125.6267	-9.9484 6
125.7180	-9.8857 6
126.0280	-9.7067 6
127.0757	-9.3413 6
127.4218	-9.2525 6
127.9043	-9.1733 6
128.3505	-9.0849 6
128.6600	-9.0411 6
129.0514	-8.9795 6
129.3792	-8.9267 6
129.7159	-8.8920 6
130.0710	-8.8122 6
130.2897	-8.7408 6
130.5082	-8.6875 6
130.8819	-8.5353 6
131.0095	-8.4725 6
131.1919	-8.3737 6
131.3287	-8.2838 6
131.3925	-8.2388 6
131.9224	-7.6973 6
132.1051	-7.5348 6
132.2971	-7.2906 6
132.4710	-7.0461 6
132.6630	-6.8107 6
132.8183	-6.6569 6
132.9373	-6.4847 6
133.1385	-6.2308 6
133.2573	-6.0858 6
133.5773	-5.7048 6
133.6413	-5.6322 6
133.8060	-5.3961 6
134.4229	-5.3314 6
134.4229	-5.3314 6
134.4948	-5.1941 6
134.5486	-5.0844 6
134.5843	-4.9747 6
>  37  50 km depth contour points
93.3482		12.8839 50
93.0000		11.1156 50
93.0804		10.0982 50
93.2679		8.6250 50
93.5625		7.5000 50
94.5000		5.6833 50
95.5179		4.7467 50
96.8170		3.4622 50
98.0491		2.2312 50
98.9866		0.4918 50
100.4866	-1.3011 50
102.0134	-3.3617 50
103.4855	-4.9821 50
104.2634	-5.5293 50
105.2679	-6.3696 50
106.2143	-6.9001 50
107.1607	-7.5897 50
108.4152	-8.0313 50
109.8214	-8.3324 50
110.8333	-8.4037 50
112.0357	-8.6100 50
113.3095	-8.9466 50
114.5000	-9.0882 50
115.9420	-9.2946 50
117.5119	-9.3215 50
119.6606	-9.1190 50
121.6802	-9.0952 50
122.8274	-9.1786 50
123.9107	-9.1017 50
126.7272	-8.2009 50
127.4747	-8.2589 50
128.4293	-7.9821 50
129.6429	-7.5785 50
130.4063	-6.7902 50
130.7292	-6.4338 50
130.7857	-5.8944 50
130.4598	-5.3018 50
>  37  100 km depth contour points
93.8571	12.8839 100
93.4554	11.4375 100
93.5625	10.1250 100
93.8036	8.9732 100
94.2589	7.6607 100
94.9018	6.2679 100
95.8393	5.2417 100
97.3259	3.8368 100
98.5580	2.5523 100
99.5759	0.9467 100
100.6339	-0.8170 100
102.4152	-3.0138 100
103.7679	-4.7295 100
104.6071	-5.2081 100
105.6964	-6.0336 100
106.4107	-6.4310 100
107.4286	-7.0691 100
108.4152	-7.5402 100
110.1161	-7.9286 100
111.0238	-8.0644 100
112.1250	-8.1857 100
113.4048	-8.5453 100
114.5536	-8.8099 100
116.0625	-8.8074 100
117.4762	-8.7760 100
119.5179	-8.6067 100
121.4866	-8.7137 100
122.9538	-8.6696 100
124.0525	-8.5982 100
126.6777	-7.8527 100
127.3486	-7.7321 100
128.1161	-7.5363 100
129.3333	-7.0909 100
129.8170	-6.6027 100
130.1042	-6.3448 100
130.2054	-5.9464 100
130.2991	-5.3036 100
>  31  150 km depth contour points
95.0759	6.5893 150
96.2277	5.3755 150
97.3000	4.4342 150
98.6920	3.2009 150
99.7394	1.3690 150
100.9955	-0.6429 150
102.3750	-2.4509 150
104.0536	-4.3927 150
104.7143	-4.8181 150
105.9464	-5.6799 150
106.6071	-6.1043 150
107.3214	-6.5905 150
108.6607	-7.2463 150
110.2500	-7.5938 150
111.1964	-7.7135 150
112.1429	-7.7603 150
113.4524	-8.1440 150
114.6190	-8.3807 150
116.0223	-8.4327 150
117.7232	-8.2634 150
119.5848	-8.1830 150
121.6607	-8.2634 150
122.9899	-8.3661 150
123.8814	-8.3661 150
126.5786	-7.6518 150
127.1505	-7.6071 150
128.0655	-7.3677 150
129.0804	-7.0045 150
129.6563	-6.3750 150
129.8512	-6.1076 150
129.8839	-5.3973 150
>  28  200 km depth contour points
95.2232	6.6964 200
96.1205	5.7723 200
97.4774	4.6813 200
98.9732	3.3884 200
100.2054	1.3929 200
101.1964	-0.2545 200
102.6696	-2.2634 200
104.3571	-4.0914 200
105.0000	-4.5700 200
106.5000	-5.6250 200
107.3750	-6.2360 200
108.5179	-6.8032 200
110.3929	-7.2286 200
112.1429	-7.3704 200
114.7619	-7.9340 200
116.3810	-8.2856 200
117.4881	-8.0763 200
119.5580	-7.8884 200
121.6875	-7.9955 200
122.9628	-8.0446 200
123.8544	-8.1429 200
125.8987	-7.6607 200
126.5741	-7.5089 200
127.1324	-7.4196 200
128.0060	-7.1601 200
128.8750	-6.7599 200
129.2679	-6.2143 200
129.3616	-5.4509 200
>  27  250 km depth contour points
95.3839	6.8304 250
96.3214	5.9062 250
97.9000	4.6342 250
99.1071	3.5759 250
100.3000	1.7013 250
101.5982	-0.1473 250
102.7902	-2.0491 250
104.4643	-3.8079 250
105.0670	-4.2180 250
106.5536	-5.4375 250
108.7232	-6.4955 250
110.5313	-6.8036 250
112.2054	-6.9509 250
114.9375	-7.4866 250
116.3571	-7.8135 250
117.5357	-7.8348 250
119.7455	-7.6875 250
121.6741	-7.7545 250
122.8818	-7.8036 250
123.8184	-7.9464 250
125.9077	-7.5268 250
126.5336	-7.4107 250
127.1144	-7.2500 250
127.7809	-6.9643 250
128.6250	-6.5820 250
128.7715	-6.2500 250
128.9286	-5.3545 250
>  8  300 km depth contour points
123.6833	-7.8125 300
125.9302	-7.3973 300
126.5156	-7.3393 300
127.1667	-7.0979 300
127.6368	-6.7589 300
128.2311	-6.4286 300
128.5733	-6.0179 300
128.6814	-5.4464 300
>  8  350 km depth contour points
123.7643	-7.6161 350
125.8356	-7.3259 350
126.5111	-7.2098 350
126.9794	-6.9732 350
127.4837	-6.7054 350
127.9790	-6.3929 350
128.1051	-6.0357 350
128.4293	-5.4464 350
>>>>Digitized slab contours for Lesser Antilles
>  25  6 km depth contour points
295.232		19.7321 6
295.979		19.5442 6
296.606 	19.3213 6
297.353 	19.0810 6
298.136 	18.5545 6
298.819 	18.1566 6
299.302 	17.7834 6
299.657 	17.4441 6
300.031 	17.0867 6
300.031 	17.0954 6
300.405 	16.5005 6
300.725 	15.9125 6
300.835 	15.3399 6
300.936 	14.8895 6
300.983 	14.3671 6
300.984 	13.9500 6
300.939 	13.6299 6
300.876 	13.2113 6
300.859 	12.8991 6
300.814 	12.5329 6
300.778 	12.2289 6
300.724 	12.0050 6
300.707 	11.8258 6
300.698 	11.5927 6
300.744 	11.3686 6
>  10  50 km depth contour points
295.3704	18.6143 50
296.7748	18.2619 50
298.0565	17.0595 50
298.7837	16.1667 50
299.3137	15.0952 50
299.6464	13.8452 50
299.4492	12.3095 50
298.5865	11.2619 50
298.1066	10.6571 50
297.7997	10.2857 50
>  10  100 km depth contour points
295.3115	18.2429 100
296.3680	17.9524 100
297.7361	16.8452 100
298.4375	15.8948 100
298.9193	15.0238 100
299.0918	13.8690 100
298.7221	12.4048 100
297.7532	11.5857 100
297.3262	11.1000 100
297.0612	10.4286 100
>  10  150 km depth contour points
295.1054	17.9286 150
296.3036	17.6887 150
297.4316	16.6000 150
298.1089	15.7714 150
298.5211	14.9714 150
298.7467	13.8333 150
298.3030	12.4762 150
297.5882	11.6190 150
297.0612	11.1000 150
296.6784	10.6286 150
>  9  200 km depth contour points
295.0893	17.6714 200
296.1339	17.4989 200
297.2411	16.4295 200
297.8304	15.5843 200
298.2946	14.7737 200
298.3770	13.8690 200
297.9375	12.4796 200
297.3661	11.6861 200
296.5804	10.7720 200
>>>>Digitized slab contours for Scotia
>  17  6 km depth contour points
333.3000	-60.6000 6
333.5000	-60.5000 6
333.9000	-60.3000 6
334.5000	-60.1000 6
335.3000	-59.6000 6
335.9000	-58.9000 6
336.2000	-58.2000 6
336.2000	-57.6000 6
335.7000	-56.7000 6
335.0000	-56.0000 6
334.3000	-55.6000 6
333.7000	-55.4000 6
332.9000	-55.3000 6
331.8000	-55.2000 6
330.8000	-55.2000 6
329.8000	-55.1000 6
328.2000	-55.0000 6
>  10  50 km depth contour points
330.6429	-55.5833 50
331.8333	-55.8635 50
332.2381	-56.0234 50
332.7143	-56.2601 50
333.6786	-56.9445 50
334.0357	-57.6161 50
334.0357	-58.5500 50
333.7959	-59.3000 50
333.1898	-59.9167 50
332.3445	-60.2833 50
>  9  100 km depth contour points
330.3571	-55.7857 100
331.6071	-55.9978 100
332.3810	-56.3688 100
333.2500	-57.0980 100
333.4881	-57.7441 100
333.5000	-58.5436 100
333.3452	-59.2344 100
332.6310	-59.7909 100
332.0714	-59.9881 100
>  9  150 km depth contour points
331.7384	-59.8583 150
332.1372	-59.6500 150
333.0476	-59.1302 150
333.1905	-58.4797 150
333.1190	-57.7313 150
332.9286	-57.1024 150
332.2500	-56.4456 150
331.5714	-56.0938 150
330.4048	-55.8957 150
>  5  200 km depth contour points
331.3571	-56.1769 200
331.9762	-56.5287 200
332.7143	-57.1940 200
332.8571	-57.7121 200
332.8571	-58.4861 200